lambda 0.105769 0.141482 0.177891
0.497512 0.000580628 -0.00123688 0.00200533
0.995025 0.00143494 -0.00304582 0.00492006
1.49254 0.00260867 -0.00550584 0.00884216
1.99005 0.00414687 -0.00868642 0.0138418
2.48756 0.0060927 -0.0126441 0.0199549
2.98507 0.00848619 -0.017419 0.027178
3.48259 0.0113631 -0.023032 0.0354639
3.9801 0.0147535 -0.0294825 0.0447196
4.47761 0.0186809 -0.0367455 0.0548047
4.97512 0.0231612 -0.0447712 0.0655335
5.47264 0.0282016 -0.0534839 0.0766773
5.97015 0.0338002 -0.0627822 0.0879697
6.46766 0.039945 -0.0725403 0.0991134
6.96517 0.0466142 -0.0826093 0.109789
7.46269 0.0537754 -0.0928203 0.119663
7.9602 0.0613866 -0.102987 0.128403
8.45771 0.0693957 -0.112912 0.135683
8.95522 0.0777419 -0.122386 0.141199
9.45274 0.0863558 -0.1312 0.144681
9.95025 0.0951611 -0.139146 0.145902
10.4478 0.104076 -0.146021 0.144685
10.9453 0.113012 -0.151636 0.140915
11.4428 0.121881 -0.15582 0.134546
11.9403 0.13059 -0.158423 0.125599
12.4378 0.139049 -0.159321 0.114169
12.9353 0.147166 -0.15842 0.10042
13.4328 0.154857 -0.155659 0.0845877
13.9303 0.162038 -0.15101 0.066967
14.4279 0.168635 -0.144482 0.0479093
14.9254 0.174579 -0.136117 0.0278108
15.4229 0.17981 -0.125993 0.00710229
15.9204 0.184278 -0.114221 -0.0137631
16.4179 0.187943 -0.100941 -0.0343228
16.9154 0.190775 -0.0863221 -0.0541177
17.4129 0.192755 -0.0705543 -0.0727049
17.9104 0.193875 -0.0538482 -0.0896699
18.408 0.194138 -0.0364281 -0.104638
18.9055 0.193558 -0.0185277 -0.117283
19.403 0.192157 -0.000384869 -0.127337
19.9005 0.189967 0.0177629 -0.134595
20.398 0.187028 0.0356837 -0.138921
20.8955 0.183389 0.0531554 -0.140246
21.393 0.179103 0.0699697 -0.138572
21.8905 0.17423 0.0859359 -0.13397
22.3881 0.168831 0.100884 -0.126574
22.8856 0.162974 0.114666 -0.116573
23.3831 0.156725 0.127158 -0.104212
23.8806 0.150154 0.138265 -0.0897753
24.3781 0.143327 0.147915 -0.0735837
24.8756 0.136312 0.156063 -0.0559816
25.3731 0.129172 0.162688 -0.037329
25.8706 0.121969 0.167796 -0.0179918
26.3682 0.11476 0.171413 0.00166743
26.8657 0.107599 0.173586 0.0212976
27.3632 0.100534 0.17438 0.0405667
27.8607 0.0936107 0.173877 0.0591683
28.3582 0.0868664 0.17217 0.0768272
28.8557 0.0803353 0.169364 0.0933031
29.3532 0.0740458 0.16557 0.108394
29.8507 0.0680212 0.160906 0.121938
30.3483 0.0622802 0.155489 0.133813
30.8458 0.0568364 0.14944 0.143938
31.3433 0.0516993 0.142877 0.15227
31.8408 0.046874 0.135912 0.158803
32.3383 0.0423623 0.128655 0.163563
32.8358 0.0381623 0.121208 0.166607
33.3333 0.0342694 0.113665 0.168017
33.8308 0.0306762 0.106111 0.167897
34.3284 0.0273734 0.098623 0.166369
34.8259 0.0243497 0.0912695 0.163568
35.3234 0.0215927 0.0841084 0.159638
35.8209 0.0190885 0.0771888 0.154728
36.3184 0.0168227 0.0705511 0.148988
36.8159 0.0147804 0.0642269 0.142568
37.3134 0.0129464 0.0582401 0.135612
37.8109 0.0113055 0.0526071 0.128257
38.3085 0.00984275 0.0473379 0.120633
38.806 0.0085434 0.0424362 0.11286
39.3035 0.00739334 0.037901 0.105043
39.801 0.00637897 0.0337263 0.0972789
40.2985 0.00548738 0.0299027 0.0896508
40.796 0.0047064 0.0264176 0.0822296
41.2935 0.00402465 0.0232559 0.0750741
41.791 0.00343152 0.0204008 0.0682315
42.2886 0.00291721 0.0178339 0.0617383
42.7861 0.00247275 0.0155363 0.0556208
43.2836 0.00208989 0.0134885 0.0498964
43.7811 0.00176119 0.011671 0.044574
44.2786 0.00147989 0.0100644 0.0396557
44.7761 0.00123992 0.00865011 0.0351375
45.2736 0.00103588 0.00740995 0.03101
45.7711 0.000862932 0.00632675 0.0272599
46.2687 0.000716801 0.00538426 0.0238706
46.7662 0.000593719 0.00456732 0.0208227
47.2637 0.000490376 0.00386187 0.0180954
47.7612 0.000403876 0.00325492 0.0156666
48.2587 0.000331698 0.00273463 0.0135138
48.7562 0.000271643 0.00229024 0.0116142
49.2537 0.000221829 0.00191203 0.00994561
49.7512 0.000180635 0.00159128 0.00848625
50.2488 0.000146686 0.00132021 0.00721537
50.7463 0.000118788 0.00109192 0.00611327
51.2438 9.59294e-05 0.000900327 0.00516147
51.7413 7.72525e-05 0.000740081 0.00434282
52.2388 6.20439e-05 0.0006065 0.0036415
52.7363 4.96901e-05 0.000495508 0.00304305
53.2338 3.96865e-05 0.000403608 0.00253437
53.7313 3.16075e-05 0.000327766 0.00210364
54.2289 2.51071e-05 0.000265373 0.00174032
54.7264 1.98912e-05 0.000214203 0.001435
55.2239 1.57137e-05 0.000172386 0.00117936
55.7214 1.23757e-05 0.000138321 0.000966097
56.2189 9.72026e-06 0.000110659 0.00078883
56.7164 7.61458e-06 8.8264e-05 0.000642014
57.2139 5.94766e-06 7.01982e-05 0.000520842
57.7114 4.6304e-06 5.56723e-05 0.000421196
58.209 3.59869e-06 4.40278e-05 0.000339538
58.7065 2.79445e-06 3.47185e-05 0.000272848
59.204 2.16696e-06 2.72999e-05 0.000218565
59.7015 1.67413e-06 2.14005e-05 0.000174536
60.199 1.28389e-06 1.67316e-05 0.000138944
60.6965 9.83844e-07 1.30408e-05 0.000110267
61.194 7.48382e-07 1.01287e-05 8.724e-05
61.6915 5.67638e-07 7.84042e-06 6.8806e-05
62.1891 4.34823e-07 6.06143e-06 5.41033e-05
62.6866 3.29046e-07 4.66769e-06 4.24114e-05
63.1841 2.48615e-07 3.58471e-06 3.3146e-05
63.6816 1.84627e-07 2.74611e-06 2.58301e-05
64.1791 1.39898e-07 2.10237e-06 2.00668e-05
64.6766 1.12347e-07 1.60365e-06 1.55412e-05
65.1741 9.06886e-08 1.2248e-06 1.20029e-05
65.6716 7.32446e-08 9.31376e-07 9.24076e-06
66.1692 5.54162e-08 7.07343e-07 7.09177e-06
66.6667 4.35182e-08 5.35422e-07 5.42826e-06
67.1642 2.9188e-08 4.07936e-07 4.1425e-06
67.6617 1.64753e-08 3.0754e-07 3.1556e-06
68.1592 4.60166e-09 2.30378e-07 2.39829e-06
68.6567 -9.64117e-10 1.67366e-07 1.81811e-06
69.1542 -3.41106e-09 1.21383e-07 1.37401e-06
69.6517 -4.80383e-09 8.70568e-08 1.03629e-06
70.1493 -2.50596e-09 6.55597e-08 7.78107e-07
70.6468 -4.17684e-10 5.47229e-08 5.7956e-07
71.1443 5.81376e-09 4.44472e-08 4.30329e-07
71.6418 1.4109e-09 4.2632e-08 3.18461e-07
72.1393 -3.427e-09 3.55872e-08 2.34059e-07
72.6368 -2.12911e-09 3.68113e-08 1.74243e-07
73.1343 3.69627e-09 3.26005e-08 1.31955e-07
73.6318 1.2568e-08 3.27027e-08 9.61189e-08
74.1294 1.44086e-08 3.3673e-08 6.83729e-08
74.6269 1.01423e-08 2.79917e-08 4.6489e-08
75.1244 9.74389e-09 2.09446e-08 2.91847e-08
75.6219 9.87199e-09 1.67985e-08 1.69127e-08
76.1194 1.04864e-08 1.04774e-08 1.21857e-08
76.6169 7.70899e-09 4.90967e-09 1.05673e-08
77.1144 -8.51524e-10 4.98846e-09 5.89903e-09
77.6119 -2.93575e-09 1.95179e-09 5.31232e-09
78.1095 -1.1737e-08 7.71821e-10 5.01127e-09
78.607 -1.63792e-08 2.47358e-09 2.53269e-09
79.1045 -1.73165e-08 7.13884e-09 4.5982e-09
79.602 -1.47538e-08 2.06148e-09 9.89691e-09
80.0995 -8.20998e-09 -4.5967e-11 8.95413e-09
80.597 -7.59506e-09 -3.13711e-10 3.04166e-09
81.0945 -7.75886e-09 -6.52495e-10 -9.73193e-10
81.592 -3.68817e-09 4.23353e-09 -1.20593e-09
82.0896 7.53606e-09 7.5165e-09 3.10102e-09
82.5871 1.41722e-08 1.04779e-08 3.96888e-09
83.0846 1.73036e-08 1.04209e-08 4.01862e-09
83.5821 1.78934e-08 9.13637e-09 9.44417e-09
84.0796 1.62434e-08 8.70675e-09 9.79421e-09
84.5771 2.08328e-08 3.94936e-09 6.19503e-09
85.0746 1.66312e-08 -3.04194e-10 4.92762e-09
85.5721 1.41413e-08 -2.08402e-09 2.89828e-09
86.0697 7.66655e-09 -5.08387e-09 3.11073e-09
86.5672 1.61352e-09 -4.49555e-09 5.43547e-09
87.0647 -4.02468e-09 -4.15085e-09 9.09306e-09
87.5622 -3.92887e-09 1.7573e-09 1.11745e-08
88.0597 -2.24668e-09 2.86949e-09 1.0328e-08
88.5572 -2.94588e-09 3.50279e-10 1.09377e-08
89.0547 -8.3234e-09 1.94554e-09 6.29214e-09
89.5522 -1.54736e-08 4.03022e-09 -1.9108e-10
90.0498 -2.31175e-08 4.39988e-09 -3.90528e-09
90.5473 -2.26484e-08 2.75889e-09 -7.24252e-09
91.0448 -1.92338e-08 1.28158e-08 -4.53797e-09
91.5423 -1.25744e-08 1.60601e-08 2.67519e-10
92.0398 -5.52889e-09 1.46725e-08 1.33369e-09
92.5373 -1.9095e-09 1.32568e-08 2.7993e-09
93.0348 -3.07355e-09 1.14662e-08 5.4171e-09
93.5323 -4.8152e-09 1.52888e-08 2.88244e-09
94.0299 -4.508e-09 1.13978e-08 -1.23013e-09
94.5274 5.10841e-10 2.09161e-09 7.33382e-10
95.0249 3.00355e-09 -8.14683e-09 4.62774e-09
95.5224 2.06033e-09 -9.07027e-09 3.59679e-09
96.0199 8.52095e-09 -1.01444e-08 4.87535e-10
96.5174 1.12308e-08 -1.6282e-08 7.43947e-10
97.0149 1.59426e-08 -2.17692e-08 -1.67606e-09
97.5124 1.45734e-08 -2.02848e-08 -3.07495e-09
98.01 6.35944e-09 -7.1848e-09 2.06279e-09
98.5075 -1.02037e-09 -3.64465e-11 5.12405e-09
99.005 -2.41708e-09 -2.23267e-09 6.15511e-09
99.5025 -3.21766e-09 -6.9491e-09 5.50625e-09
