0.248756 0.000183302 -0.000391352 0.000637849
0.497512 0.000411001 -0.000876628 0.00142734
0.746269 0.000687131 -0.00146327 0.00237865
0.995025 0.00101574 -0.00215843 0.00350099
1.24378 0.00140088 -0.00296894 0.00480251
1.49254 0.00184656 -0.00390118 0.00629011
1.74129 0.00235673 -0.00496106 0.00796929
1.99005 0.00293527 -0.0061539 0.00984403
2.23881 0.00358594 -0.00748435 0.0119167
2.48756 0.00431237 -0.00895637 0.0141878
2.73632 0.00511801 -0.0105731 0.0166561
2.98507 0.00600613 -0.0123368 0.0193183
3.23383 0.00697978 -0.014249 0.0221693
3.48259 0.00804175 -0.0163099 0.0252017
3.73134 0.00919458 -0.018519 0.0284062
3.9801 0.0104405 -0.0208748 0.0317713
4.22886 0.0117814 -0.0233743 0.0352835
4.47761 0.013219 -0.0260137 0.0389272
4.72637 0.0147543 -0.0287881 0.0426849
4.97512 0.0163882 -0.0316913 0.0465371
5.22388 0.0181213 -0.0347161 0.0504626
5.47264 0.0199534 -0.0378539 0.0544386
5.72139 0.0218843 -0.0410953 0.0584404
5.97015 0.023913 -0.0444297 0.0624425
6.21891 0.0260384 -0.0478453 0.0664176
6.46766 0.0282586 -0.0513295 0.0703379
6.71642 0.0305716 -0.0548687 0.0741745
6.96517 0.0329746 -0.0584482 0.0778981
7.21393 0.0354647 -0.0620527 0.0814791
7.46269 0.0380383 -0.0656662 0.0848876
7.71144 0.0406915 -0.0692718 0.0880942
7.9602 0.0434198 -0.0728521 0.0910697
8.20896 0.0462185 -0.0763895 0.0937856
8.45771 0.0490823 -0.0798656 0.0962145
8.70647 0.0520057 -0.0832621 0.0983301
8.95522 0.0549827 -0.0865604 0.100107
9.20398 0.0580071 -0.0897417 0.101523
9.45274 0.0610722 -0.0927877 0.102557
9.70149 0.0641711 -0.0956799 0.103189
9.95025 0.0672967 -0.0984003 0.103402
10.199 0.0704415 -0.100931 0.103183
10.4478 0.0735981 -0.103256 0.102519
10.6965 0.0767585 -0.105358 0.101403
10.9453 0.0799149 -0.107221 0.0998276
11.194 0.0830593 -0.108831 0.0977913
11.4428 0.0861836 -0.110174 0.0952942
11.6915 0.0892797 -0.111238 0.0923398
11.9403 0.0923395 -0.11201 0.0889351
12.1891 0.0953549 -0.112481 0.0850901
12.4378 0.098318 -0.112641 0.080818
12.6866 0.101221 -0.112483 0.076135
12.9353 0.104056 -0.112001 0.0710605
13.1841 0.106815 -0.11119 0.0656168
13.4328 0.109491 -0.110047 0.0598287
13.6816 0.112077 -0.10857 0.0537241
13.9303 0.114567 -0.10676 0.0473328
14.1791 0.116953 -0.104616 0.0406872
14.4279 0.11923 -0.102144 0.0338216
14.6766 0.121391 -0.0993466 0.0267721
14.9254 0.123431 -0.0962308 0.0195762
15.1741 0.125345 -0.0928039 0.0122728
15.4229 0.127129 -0.0890751 0.00490172
15.6716 0.128777 -0.0850548 -0.00249644
15.9204 0.130287 -0.0807548 -0.00988076
16.1692 0.131655 -0.0761883 -0.0172101
16.4179 0.132878 -0.0713695 -0.0244436
16.6667 0.133954 -0.0663138 -0.0315408
16.9154 0.13488 -0.0610376 -0.0384618
17.1642 0.135656 -0.0555583 -0.0451679
17.4129 0.136281 -0.0498941 -0.0516217
17.6617 0.136753 -0.044064 -0.0577871
17.9104 0.137074 -0.0380874 -0.0636299
18.1592 0.137243 -0.0319846 -0.0691179
18.408 0.137261 -0.0257759 -0.0742212
18.6567 0.137131 -0.0194822 -0.0789119
18.9055 0.136852 -0.0131245 -0.0831651
19.1542 0.136429 -0.00672389 -0.0869583
19.403 0.135863 -0.000301379 -0.0902719
19.6517 0.135158 0.00612211 -0.0930893
19.9005 0.134317 0.0125259 -0.0953969
20.1493 0.133343 0.0188896 -0.097184
20.398 0.132242 0.0251935 -0.0984431
20.6468 0.131016 0.031418 -0.0991699
20.8955 0.129671 0.0375444 -0.0993632
21.1443 0.128212 0.0435547 -0.0990245
21.393 0.126643 0.0494316 -0.0981588
21.6418 0.12497 0.0551587 -0.0967737
21.8905 0.123199 0.0607203 -0.0948797
22.1393 0.121336 0.0661019 -0.0924902
22.3881 0.119385 0.07129 -0.0896208
22.6368 0.117353 0.076272 -0.0862898
22.8856 0.115246 0.0810365 -0.0825178
23.1343 0.113069 0.0855731 -0.0783273
23.3831 0.11083 0.0898728 -0.073743
23.6318 0.108533 0.0939274 -0.0687909
23.8806 0.106185 0.09773 -0.0634989
24.1294 0.103792 0.101275 -0.0578961
24.3781 0.10136 0.104558 -0.0520125
24.6269 0.0988947 0.107575 -0.0458793
24.8756 0.0964016 0.110324 -0.0395281
25.1244 0.0938863 0.112805 -0.0329912
25.3731 0.0913546 0.115015 -0.026301
25.6219 0.0888116 0.116958 -0.01949
25.8706 0.0862626 0.118634 -0.0125905
26.1194 0.0837126 0.120046 -0.00563465
26.3682 0.0811664 0.121198 0.00134618
26.6169 0.0786286 0.122095 0.00832112
26.8657 0.0761037 0.122742 0.0152602
27.1144 0.0735958 0.123145 0.0221345
27.3632 0.0711091 0.123311 0.0289162
27.6119 0.0686471 0.123247 0.0355788
27.8607 0.0662136 0.122962 0.0420969
28.1095 0.0638118 0.122464 0.0484471
28.3582 0.0614447 0.121762 0.0546071
28.607 0.0591154 0.120865 0.0605565
28.8557 0.0568264 0.119784 0.0662764
29.1045 0.0545801 0.118527 0.0717499
29.3532 0.0523786 0.117106 0.0769616
29.602 0.0502241 0.115531 0.0818981
29.8507 0.0481181 0.113813 0.0865477
30.0995 0.0460622 0.111961 0.0909005
30.3483 0.0440578 0.109987 0.0949485
30.597 0.0421059 0.1079 0.0986853
30.8458 0.0402076 0.105713 0.102106
31.0945 0.0383634 0.103434 0.105209
31.3433 0.036574 0.101074 0.107991
31.592 0.0348398 0.0986425 0.110453
31.8408 0.033161 0.0961501 0.112597
32.0896 0.0315376 0.0936059 0.114426
32.3383 0.0299695 0.091019 0.115944
32.5871 0.0284566 0.0883982 0.117157
32.8358 0.0269984 0.0857522 0.118071
33.0846 0.0255945 0.083089 0.118696
33.3333 0.0242444 0.0804164 0.119039
33.5821 0.0229472 0.0777419 0.11911
33.8308 0.0217023 0.0750725 0.118919
34.0796 0.0205088 0.0724146 0.118479
34.3284 0.0193656 0.0697747 0.117799
34.5771 0.0182718 0.0671583 0.116894
34.8259 0.0172263 0.0645709 0.115775
35.0746 0.0162279 0.0620174 0.114455
35.3234 0.0152755 0.0595025 0.112947
35.5721 0.0143678 0.0570301 0.111266
35.8209 0.0135036 0.0546042 0.109423
36.0697 0.0126815 0.052228 0.107433
36.3184 0.0119003 0.0499045 0.105308
36.5672 0.0111586 0.0476364 0.103063
36.8159 0.010455 0.045426 0.100709
37.0647 0.00978834 0.0432752 0.0982603
37.3134 0.00915712 0.0411856 0.0957281
37.5622 0.00856005 0.0391584 0.093125
37.8109 0.00799579 0.0371948 0.0904624
38.0597 0.00746302 0.0352954 0.0877517
38.3085 0.00696042 0.0334607 0.0850036
38.5572 0.00648672 0.0316909 0.0822283
38.806 0.00604065 0.0299861 0.0794357
39.0547 0.00562096 0.0283459 0.0766348
39.3035 0.00522644 0.0267699 0.0738346
39.5522 0.0048559 0.0252576 0.071043
39.801 0.00450818 0.0238081 0.0682677
40.0498 0.00418215 0.0224206 0.0655156
40.2985 0.00387673 0.0210939 0.0627934
40.5473 0.00359084 0.0198269 0.0601069
40.796 0.00332345 0.0186182 0.0574615
41.0448 0.00307359 0.0174665 0.0548621
41.2935 0.00284028 0.0163702 0.052313
41.5423 0.0026226 0.0153279 0.0498179
41.791 0.00241967 0.0143379 0.0473803
42.0398 0.00223064 0.0133985 0.045003
42.2886 0.00205468 0.0125081 0.0426883
42.5373 0.00189102 0.0116648 0.0404382
42.7861 0.0017389 0.010867 0.0382543
43.0348 0.00159762 0.0101129 0.0361377
43.2836 0.00146649 0.0094006 0.0340891
43.5323 0.00134485 0.00872843 0.0321088
43.7811 0.0012321 0.00809461 0.0301971
44.0299 0.00112764 0.00749735 0.0283535
44.2786 0.00103091 0.00693493 0.0265776
44.5274 0.00094138 0.00640561 0.0248686
44.7761 0.00085855 0.00590769 0.0232252
45.0249 0.000781938 0.00543949 0.0216462
45.2736 0.000711088 0.00499939 0.0201301
45.5224 0.000645575 0.00458575 0.018675
45.7711 0.000584991 0.00419699 0.0172791
46.0199 0.000528953 0.00383156 0.0159403
46.2687 0.000477096 0.00348795 0.0146561
46.5174 0.000429075 0.00316467 0.0134243
46.7662 0.000384562 0.00286026 0.0122422
47.0149 0.000343245 0.0025733 0.0111071
47.2637 0.000304831 0.00230239 0.0100162
47.5124 0.000269037 0.00204616 0.00896649
47.7612 0.000235591 0.00180326 0.00795497
48.01 0.000204235 0.00157236 0.00697842
48.2587 0.000174723 0.00135214 0.00603352
48.5075 0.000146808 0.00114131 0.00511684
48.7562 0.000120257 0.000938552 0.00422482
49.005 9.48395e-05 0.000742573 0.00335378
49.2537 7.033e-05 0.000552064 0.00249986
49.5025 4.65031e-05 0.000365701 0.00165907
49.7512 2.31357e-05 0.000182141 0.000827243
