0.0990099 0.135278 -0.170228 -0.190582
0.19802 0.261242 -0.296494 -0.296023
0.29703 0.358171 -0.333647 -0.256695
0.39604 0.413684 -0.269023 -0.0906805
0.49505 0.424905 -0.12464 0.119311
0.594059 0.397718 0.0546189 0.27343
0.693069 0.343776 0.219858 0.305827
0.792079 0.276636 0.335012 0.21091
0.891089 0.208355 0.385329 0.0354198
0.990099 0.147438 0.376279 -0.152204
1.08911 0.0982994 0.326017 -0.294468
1.18812 0.0618846 0.256203 -0.36357
1.28713 0.0368531 0.184989 -0.362155
1.38614 0.0207907 0.123757 -0.31202
1.48515 0.0111255 0.0771633 -0.23998
1.58416 0.00565335 0.0450365 -0.167699
1.68317 0.00273066 0.0246888 -0.107669
1.78218 0.00125487 0.0127467 -0.0640028
1.88119 0.000549127 0.00621209 -0.0354239
1.9802 0.000228997 0.00286319 -0.0183344
2.07921 9.10757e-05 0.00125014 -0.00890452
2.17822 3.45702e-05 0.000517847 -0.0040697
2.27723 1.25323e-05 0.000203775 -0.00175454
2.37624 4.34189e-06 7.62657e-05 -0.000715008
2.47525 1.43856e-06 2.71779e-05 -0.000275926
2.57426 4.56121e-07 9.2312e-06 -0.000100997
2.67327 1.38451e-07 2.99139e-06 -3.51145e-05
2.77228 4.02452e-08 9.2566e-07 -1.1612e-05
2.87129 1.12448e-08 2.73688e-07 -3.65677e-06
2.9703 3.0295e-09 7.73437e-08 -1.09789e-06
3.06931 7.70818e-10 2.09266e-08 -3.1467e-07
3.16832 1.91788e-10 5.41052e-09 -8.61548e-08
3.26733 7.03891e-11 1.28738e-09 -2.25597e-08
3.36634 3.86877e-11 2.64847e-10 -5.6998e-09
3.46535 7.29874e-12 6.42125e-11 -1.37229e-09
3.56436 -1.75978e-11 2.92348e-11 -3.00498e-10
3.66337 -2.15221e-11 9.0124e-12 -7.39295e-11
3.76238 -2.4706e-11 6.25555e-12 -4.12578e-11
3.86139 8.59066e-12 2.14265e-11 2.55286e-11
3.9604 -1.98673e-11 3.24724e-11 2.36099e-12
4.05941 4.9133e-11 2.70131e-11 3.06627e-11
4.15842 -3.4179e-11 1.17967e-11 -5.1116e-11
4.25743 5.87068e-11 -1.28253e-12 -7.09551e-13
4.35644 -2.56881e-11 -7.34133e-12 1.64091e-11
4.45545 1.29812e-11 -7.24642e-12 2.79696e-12
4.55446 1.15948e-11 -5.36034e-12 6.47187e-11
4.65347 -7.65739e-12 -2.63142e-12 2.68117e-11
4.75248 4.01932e-12 -1.55303e-12 -1.43321e-11
4.85149 -1.10598e-11 -2.88686e-13 3.48051e-11
4.9505 6.63113e-12 -8.45066e-13 1.24121e-11
5.0495 2.47944e-11 1.77651e-12 1.1473e-11
5.14851 -1.71476e-11 -4.00637e-12 -4.74484e-11
5.24752 -2.84291e-11 6.73594e-12 1.5629e-11
5.34653 -7.28611e-12 -8.96658e-12 4.06348e-12
5.44554 3.53262e-11 8.67774e-12 3.77795e-11
5.54455 4.45705e-11 -3.54365e-12 2.87109e-11
5.64356 2.91916e-11 -5.1766e-12 3.46489e-11
5.74257 2.22763e-11 8.89021e-12 3.5912e-11
5.84158 1.90996e-11 -1.46455e-12 5.2859e-12
5.94059 1.0133e-11 -5.69421e-12 -9.19484e-12
6.0396 3.02921e-12 -1.43754e-12 1.09286e-11
6.13861 2.14825e-12 9.94638e-12 2.63455e-11
6.23762 4.17467e-12 3.26447e-12 1.37405e-11
6.33663 4.79558e-12 -7.1158e-12 -8.99333e-12
6.43564 3.61307e-12 -7.77237e-12 -2.0088e-11
6.53465 2.1911e-12 -6.60987e-12 -1.79488e-11
6.63366 1.2389e-12 -6.3636e-12 -1.04451e-11
6.73267 6.26636e-13 -3.84308e-12 -4.51371e-12
6.83168 2.24735e-13 1.22001e-13 -1.78964e-12
6.93069 1.24122e-14 2.61581e-12 -3.10898e-13
7.0297 -5.67324e-14 2.87404e-12 1.14914e-13
7.12871 -5.57252e-14 1.98526e-12 -1.20393e-13
7.22772 -2.96923e-14 1.04125e-12 -1.91094e-13
7.32673 -1.39088e-14 4.45387e-13 4.15902e-14
7.42574 1.42873e-14 1.61859e-13 2.75694e-13
7.52475 -5.81297e-14 5.21164e-14 3.40243e-13
7.62376 2.26235e-13 1.56113e-14 2.72074e-13
7.72277 -7.32977e-13 6.20704e-15 1.68064e-13
7.82178 2.11004e-12 -6.91979e-15 8.41691e-14
7.92079 -5.17853e-12 3.44695e-14 3.8628e-14
8.0198 1.0419e-11 -1.31997e-13 3.94909e-15
8.11881 -1.59813e-11 4.56962e-13 4.22355e-14
8.21782 1.56928e-11 -1.3874e-12 -1.32935e-13
8.31683 -3.07006e-12 3.59797e-12 4.20502e-13
8.41584 -1.47301e-11 -7.6622e-12 -1.13483e-12
8.51485 1.41116e-11 1.24522e-11 2.56653e-12
8.61386 3.52947e-12 -1.28986e-11 -4.63805e-12
8.71287 7.71652e-12 2.09791e-12 6.15855e-12
8.81188 -2.56385e-11 1.59231e-11 -4.95288e-12
8.91089 -1.71506e-11 -1.69376e-11 7.2878e-13
9.0099 1.25377e-12 -1.00067e-11 2.16514e-12
9.10891 -4.71309e-12 2.08778e-11 -1.42968e-12
9.20792 -1.51443e-11 4.50894e-13 4.28609e-12
9.30693 -1.68104e-12 3.10868e-12 -6.64966e-12
9.40594 8.67896e-12 1.76146e-11 -3.29038e-12
9.50495 8.5766e-12 1.92781e-11 -4.81735e-12
9.60396 6.23218e-12 1.65998e-11 -7.0578e-12
9.70297 7.99277e-12 3.2895e-12 6.8119e-14
9.80198 6.1755e-12 -3.249e-12 2.29955e-12
9.90099 1.59557e-12 -2.18211e-12 4.66257e-12
