0 0 0 
0.001001 0.00895905 0.00895912 
0.002002 0.0178189 0.017819 
0.003003 0.0265805 0.0265807 
0.004004 0.0352449 0.0352452 
0.00500501 0.043813 0.0438134 
0.00600601 0.0522859 0.0522863 
0.00700701 0.0606643 0.0606648 
0.00800801 0.0689494 0.0689499 
0.00900901 0.0771419 0.0771425 
0.01001 0.0852429 0.0852436 
0.011011 0.0932532 0.093254 
0.012012 0.101174 0.101175 
0.013013 0.109005 0.109006 
0.014014 0.116749 0.11675 
0.015015 0.124406 0.124407 
0.016016 0.131976 0.131977 
0.017017 0.139461 0.139462 
0.018018 0.146862 0.146863 
0.019019 0.154179 0.15418 
0.02002 0.161413 0.161414 
0.021021 0.168565 0.168566 
0.022022 0.175635 0.175637 
0.023023 0.182626 0.182627 
0.024024 0.189537 0.189538 
0.025025 0.196369 0.19637 
0.026026 0.203123 0.203124 
0.027027 0.209799 0.209801 
0.028028 0.216399 0.216401 
0.029029 0.222924 0.222926 
0.03003 0.229374 0.229376 
0.031031 0.235749 0.235751 
0.032032 0.242051 0.242053 
0.033033 0.24828 0.248282 
0.034034 0.254437 0.254439 
0.035035 0.260523 0.260525 
0.036036 0.266538 0.266541 
0.037037 0.272484 0.272486 
0.038038 0.27836 0.278362 
0.039039 0.284168 0.28417 
0.04004 0.289908 0.28991 
0.041041 0.29558 0.295583 
0.042042 0.301187 0.301189 
0.043043 0.306727 0.30673 
0.044044 0.312203 0.312205 
0.045045 0.317613 0.317616 
0.046046 0.32296 0.322963 
0.047047 0.328244 0.328247 
0.048048 0.333465 0.333468 
0.049049 0.338624 0.338627 
0.0500501 0.343722 0.343725 
0.0510511 0.348759 0.348762 
0.0520521 0.353736 0.353739 
0.0530531 0.358654 0.358657 
0.0540541 0.363512 0.363515 
0.0550551 0.368312 0.368315 
0.0560561 0.373054 0.373058 
0.0570571 0.37774 0.377743 
0.0580581 0.382368 0.382371 
0.0590591 0.38694 0.386944 
0.0600601 0.391457 0.391461 
0.0610611 0.395919 0.395923 
0.0620621 0.400327 0.40033 
0.0630631 0.40468 0.404684 
0.0640641 0.408981 0.408984 
0.0650651 0.413228 0.413232 
0.0660661 0.417423 0.417427 
0.0670671 0.421567 0.42157 
0.0680681 0.425659 0.425663 
0.0690691 0.429701 0.429704 
0.0700701 0.433692 0.433696 
0.0710711 0.437634 0.437637 
0.0720721 0.441526 0.44153 
0.0730731 0.44537 0.445373 
0.0740741 0.449165 0.449169 
0.0750751 0.452912 0.452916 
0.0760761 0.456613 0.456617 
0.0770771 0.460266 0.46027 
0.0780781 0.463873 0.463877 
0.0790791 0.467435 0.467438 
0.0800801 0.47095 0.470954 
0.0810811 0.474421 0.474425 
0.0820821 0.477847 0.477851 
0.0830831 0.48123 0.481234 
0.0840841 0.484568 0.484572 
0.0850851 0.487863 0.487867 
0.0860861 0.491116 0.49112 
0.0870871 0.494326 0.49433 
0.0880881 0.497494 0.497498 
0.0890891 0.500621 0.500625 
0.0900901 0.503706 0.50371 
0.0910911 0.506751 0.506755 
0.0920921 0.509756 0.50976 
0.0930931 0.51272 0.512725 
0.0940941 0.515645 0.51565 
0.0950951 0.518531 0.518536 
0.0960961 0.521379 0.521383 
0.0970971 0.524188 0.524192 
0.0980981 0.526959 0.526963 
0.0990991 0.529692 0.529697 
0.1001 0.532389 0.532393 
0.101101 0.535048 0.535053 
0.102102 0.537671 0.537676 
0.103103 0.540258 0.540263 
0.104104 0.542809 0.542814 
0.105105 0.545325 0.54533 
0.106106 0.547806 0.54781 
0.107107 0.550252 0.550256 
0.108108 0.552664 0.552668 
0.109109 0.555041 0.555046 
0.11011 0.557385 0.55739 
0.111111 0.559696 0.559701 
0.112112 0.561974 0.561979 
0.113113 0.564219 0.564224 
0.114114 0.566432 0.566437 
0.115115 0.568613 0.568618 
0.116116 0.570762 0.570767 
0.117117 0.57288 0.572885 
0.118118 0.574966 0.574971 
0.119119 0.577022 0.577027 
0.12012 0.579048 0.579053 
0.121121 0.581043 0.581048 
0.122122 0.583009 0.583014 
0.123123 0.584945 0.58495 
0.124124 0.586851 0.586856 
0.125125 0.588729 0.588734 
0.126126 0.590578 0.590583 
0.127127 0.592399 0.592404 
0.128128 0.594191 0.594196 
0.129129 0.595956 0.595961 
0.13013 0.597693 0.597698 
0.131131 0.599403 0.599408 
0.132132 0.601086 0.601091 
0.133133 0.602742 0.602748 
0.134134 0.604372 0.604377 
0.135135 0.605976 0.605981 
0.136136 0.607553 0.607558 
0.137137 0.609105 0.60911 
0.138138 0.610632 0.610637 
0.139139 0.612133 0.612138 
0.14014 0.613609 0.613615 
0.141141 0.615061 0.615066 
0.142142 0.616488 0.616494 
0.143143 0.617892 0.617897 
0.144144 0.619271 0.619276 
0.145145 0.620626 0.620631 
0.146146 0.621958 0.621963 
0.147147 0.623267 0.623272 
0.148148 0.624553 0.624558 
0.149149 0.625816 0.625821 
0.15015 0.627056 0.627061 
0.151151 0.628274 0.628279 
0.152152 0.62947 0.629475 
0.153153 0.630644 0.63065 
0.154154 0.631797 0.631802 
0.155155 0.632928 0.632933 
0.156156 0.634037 0.634043 
0.157157 0.635126 0.635131 
0.158158 0.636194 0.636199 
0.159159 0.637241 0.637247 
0.16016 0.638268 0.638274 
0.161161 0.639275 0.63928 
0.162162 0.640262 0.640267 
0.163163 0.641229 0.641234 
0.164164 0.642176 0.642181 
0.165165 0.643104 0.643109 
0.166166 0.644013 0.644018 
0.167167 0.644902 0.644908 
0.168168 0.645773 0.645779 
0.169169 0.646625 0.646631 
0.17017 0.647459 0.647465 
0.171171 0.648275 0.64828 
0.172172 0.649072 0.649078 
0.173173 0.649852 0.649857 
0.174174 0.650613 0.650619 
0.175175 0.651358 0.651363 
0.176176 0.652084 0.65209 
0.177177 0.652794 0.652799 
0.178178 0.653487 0.653492 
0.179179 0.654162 0.654168 
0.18018 0.654821 0.654827 
0.181181 0.655464 0.655469 
0.182182 0.65609 0.656095 
0.183183 0.6567 0.656705 
0.184184 0.657294 0.657299 
0.185185 0.657871 0.657877 
0.186186 0.658434 0.658439 
0.187187 0.65898 0.658986 
0.188188 0.659512 0.659517 
0.189189 0.660028 0.660033 
0.19019 0.660529 0.660534 
0.191191 0.661014 0.66102 
0.192192 0.661486 0.661491 
0.193193 0.661942 0.661948 
0.194194 0.662384 0.662389 
0.195195 0.662812 0.662817 
0.196196 0.663225 0.66323 
0.197197 0.663624 0.66363 
0.198198 0.664009 0.664015 
0.199199 0.664381 0.664386 
0.2002 0.664739 0.664744 
0.201201 0.665083 0.665089 
0.202202 0.665414 0.665419 
0.203203 0.665732 0.665737 
0.204204 0.666036 0.666042 
0.205205 0.666328 0.666333 
0.206206 0.666606 0.666612 
0.207207 0.666872 0.666878 
0.208208 0.667125 0.667131 
0.209209 0.667366 0.667372 
0.21021 0.667594 0.6676 
0.211211 0.667811 0.667816 
0.212212 0.668015 0.66802 
0.213213 0.668207 0.668212 
0.214214 0.668387 0.668392 
0.215215 0.668555 0.668561 
0.216216 0.668712 0.668718 
0.217217 0.668857 0.668863 
0.218218 0.668991 0.668997 
0.219219 0.669113 0.669119 
0.22022 0.669225 0.66923 
0.221221 0.669325 0.669331 
0.222222 0.669414 0.66942 
0.223223 0.669493 0.669498 
0.224224 0.66956 0.669566 
0.225225 0.669617 0.669623 
0.226226 0.669664 0.669669 
0.227227 0.6697 0.669705 
0.228228 0.669726 0.669731 
0.229229 0.669741 0.669747 
0.23023 0.669746 0.669752 
0.231231 0.669742 0.669747 
0.232232 0.669727 0.669733 
0.233233 0.669703 0.669708 
0.234234 0.669669 0.669674 
0.235235 0.669625 0.66963 
0.236236 0.669571 0.669577 
0.237237 0.669509 0.669514 
0.238238 0.669437 0.669442 
0.239239 0.669355 0.669361 
0.24024 0.669265 0.66927 
0.241241 0.669165 0.669171 
0.242242 0.669057 0.669062 
0.243243 0.668939 0.668945 
0.244244 0.668813 0.668819 
0.245245 0.668678 0.668684 
0.246246 0.668535 0.66854 
0.247247 0.668382 0.668388 
0.248248 0.668222 0.668227 
0.249249 0.668053 0.668058 
0.25025 0.667876 0.667881 
0.251251 0.66769 0.667696 
0.252252 0.667497 0.667502 
0.253253 0.667295 0.667301 
0.254254 0.667086 0.667091 
0.255255 0.666868 0.666874 
0.256256 0.666643 0.666648 
0.257257 0.66641 0.666416 
0.258258 0.666169 0.666175 
0.259259 0.665921 0.665927 
0.26026 0.665665 0.665671 
0.261261 0.665402 0.665408 
0.262262 0.665132 0.665137 
0.263263 0.664854 0.66486 
0.264264 0.664569 0.664575 
0.265265 0.664277 0.664283 
0.266266 0.663978 0.663984 
0.267267 0.663672 0.663677 
0.268268 0.663359 0.663364 
0.269269 0.663039 0.663045 
0.27027 0.662712 0.662718 
0.271271 0.662379 0.662384 
0.272272 0.662039 0.662044 
0.273273 0.661692 0.661698 
0.274274 0.661339 0.661345 
0.275275 0.66098 0.660985 
0.276276 0.660614 0.660619 
0.277277 0.660241 0.660247 
0.278278 0.659863 0.659868 
0.279279 0.659478 0.659483 
0.28028 0.659087 0.659093 
0.281281 0.65869 0.658696 
0.282282 0.658287 0.658293 
0.283283 0.657878 0.657884 
0.284284 0.657463 0.657469 
0.285285 0.657043 0.657048 
0.286286 0.656616 0.656622 
0.287287 0.656184 0.656189 
0.288288 0.655746 0.655752 
0.289289 0.655303 0.655308 
0.29029 0.654854 0.654859 
0.291291 0.654399 0.654405 
0.292292 0.653939 0.653945 
0.293293 0.653474 0.653479 
0.294294 0.653003 0.653009 
0.295295 0.652527 0.652533 
0.296296 0.652046 0.652052 
0.297297 0.65156 0.651565 
0.298298 0.651068 0.651074 
0.299299 0.650572 0.650577 
0.3003 0.65007 0.650076 
0.301301 0.649564 0.649569 
0.302302 0.649052 0.649058 
0.303303 0.648536 0.648541 
0.304304 0.648015 0.64802 
0.305305 0.647489 0.647494 
0.306306 0.646958 0.646963 
0.307307 0.646423 0.646428 
0.308308 0.645883 0.645888 
0.309309 0.645338 0.645343 
0.31031 0.644789 0.644794 
0.311311 0.644235 0.64424 
0.312312 0.643677 0.643682 
0.313313 0.643115 0.64312 
0.314314 0.642548 0.642553 
0.315315 0.641976 0.641982 
0.316316 0.641401 0.641406 
0.317317 0.640821 0.640827 
0.318318 0.640237 0.640243 
0.319319 0.639649 0.639655 
0.32032 0.639057 0.639062 
0.321321 0.638461 0.638466 
0.322322 0.637861 0.637866 
0.323323 0.637256 0.637262 
0.324324 0.636648 0.636653 
0.325325 0.636036 0.636041 
0.326326 0.63542 0.635425 
0.327327 0.6348 0.634805 
0.328328 0.634176 0.634182 
0.329329 0.633549 0.633554 
0.33033 0.632918 0.632923 
0.331331 0.632283 0.632288 
0.332332 0.631645 0.63165 
0.333333 0.631003 0.631008 
0.334334 0.630357 0.630362 
0.335335 0.629708 0.629713 
0.336336 0.629055 0.62906 
0.337337 0.628399 0.628404 
0.338338 0.627739 0.627745 
0.339339 0.627076 0.627082 
0.34034 0.62641 0.626415 
0.341341 0.62574 0.625746 
0.342342 0.625067 0.625073 
0.343343 0.624391 0.624396 
0.344344 0.623712 0.623717 
0.345345 0.623029 0.623034 
0.346346 0.622343 0.622348 
0.347347 0.621654 0.621659 
0.348348 0.620962 0.620967 
0.349349 0.620267 0.620272 
0.35035 0.619569 0.619574 
0.351351 0.618867 0.618873 
0.352352 0.618163 0.618168 
0.353353 0.617456 0.617461 
0.354354 0.616746 0.616751 
0.355355 0.616033 0.616038 
0.356356 0.615317 0.615322 
0.357357 0.614598 0.614603 
0.358358 0.613877 0.613882 
0.359359 0.613153 0.613158 
0.36036 0.612425 0.612431 
0.361361 0.611696 0.611701 
0.362362 0.610963 0.610968 
0.363363 0.610228 0.610233 
0.364364 0.60949 0.609495 
0.365365 0.60875 0.608755 
0.366366 0.608007 0.608012 
0.367367 0.607261 0.607266 
0.368368 0.606513 0.606518 
0.369369 0.605762 0.605767 
0.37037 0.605009 0.605014 
0.371371 0.604254 0.604259 
0.372372 0.603496 0.603501 
0.373373 0.602735 0.60274 
0.374374 0.601972 0.601977 
0.375375 0.601207 0.601212 
0.376376 0.600439 0.600444 
0.377377 0.59967 0.599675 
0.378378 0.598897 0.598902 
0.379379 0.598123 0.598128 
0.38038 0.597346 0.597351 
0.381381 0.596567 0.596572 
0.382382 0.595786 0.595791 
0.383383 0.595003 0.595007 
0.384384 0.594217 0.594222 
0.385385 0.593429 0.593434 
0.386386 0.592639 0.592644 
0.387387 0.591848 0.591852 
0.388388 0.591054 0.591058 
0.389389 0.590257 0.590262 
0.39039 0.589459 0.589464 
0.391391 0.588659 0.588664 
0.392392 0.587857 0.587862 
0.393393 0.587053 0.587058 
0.394394 0.586247 0.586252 
0.395395 0.585439 0.585444 
0.396396 0.584629 0.584634 
0.397397 0.583817 0.583822 
0.398398 0.583003 0.583008 
0.399399 0.582188 0.582193 
0.4004 0.58137 0.581375 
0.401401 0.580551 0.580556 
0.402402 0.57973 0.579735 
0.403403 0.578907 0.578912 
0.404404 0.578083 0.578088 
0.405405 0.577256 0.577261 
0.406406 0.576428 0.576433 
0.407407 0.575598 0.575603 
0.408408 0.574767 0.574772 
0.409409 0.573934 0.573938 
0.41041 0.573099 0.573103 
0.411411 0.572262 0.572267 
0.412412 0.571424 0.571429 
0.413413 0.570584 0.570589 
0.414414 0.569743 0.569747 
0.415415 0.5689 0.568904 
0.416416 0.568055 0.56806 
0.417417 0.567209 0.567214 
0.418418 0.566361 0.566366 
0.419419 0.565512 0.565517 
0.42042 0.564661 0.564666 
0.421421 0.563809 0.563814 
0.422422 0.562955 0.56296 
0.423423 0.5621 0.562105 
0.424424 0.561244 0.561248 
0.425425 0.560386 0.56039 
0.426426 0.559526 0.559531 
0.427427 0.558665 0.55867 
0.428428 0.557803 0.557808 
0.429429 0.556939 0.556944 
0.43043 0.556074 0.556079 
0.431431 0.555208 0.555212 
0.432432 0.55434 0.554345 
0.433433 0.553471 0.553476 
0.434434 0.552601 0.552605 
0.435435 0.551729 0.551734 
0.436436 0.550856 0.550861 
0.437437 0.549982 0.549986 
0.438438 0.549106 0.549111 
0.439439 0.54823 0.548234 
0.44044 0.547352 0.547356 
0.441441 0.546472 0.546477 
0.442442 0.545592 0.545597 
0.443443 0.54471 0.544715 
0.444444 0.543828 0.543832 
0.445445 0.542944 0.542948 
0.446446 0.542058 0.542063 
0.447447 0.541172 0.541177 
0.448448 0.540285 0.540289 
0.449449 0.539396 0.539401 
0.45045 0.538506 0.538511 
0.451451 0.537616 0.53762 
0.452452 0.536724 0.536728 
0.453453 0.535831 0.535835 
0.454454 0.534937 0.534941 
0.455455 0.534042 0.534046 
0.456456 0.533145 0.53315 
0.457457 0.532248 0.532253 
0.458458 0.53135 0.531354 
0.459459 0.530451 0.530455 
0.46046 0.52955 0.529555 
0.461461 0.528649 0.528653 
0.462462 0.527747 0.527751 
0.463463 0.526844 0.526848 
0.464464 0.525939 0.525944 
0.465465 0.525034 0.525038 
0.466466 0.524128 0.524132 
0.467467 0.523221 0.523225 
0.468468 0.522313 0.522317 
0.469469 0.521404 0.521408 
0.47047 0.520494 0.520498 
0.471471 0.519583 0.519588 
0.472472 0.518671 0.518676 
0.473473 0.517759 0.517763 
0.474474 0.516845 0.51685 
0.475475 0.515931 0.515935 
0.476476 0.515016 0.51502 
0.477477 0.5141 0.514104 
0.478478 0.513183 0.513187 
0.479479 0.512265 0.51227 
0.48048 0.511347 0.511351 
0.481481 0.510427 0.510432 
0.482482 0.509507 0.509511 
0.483483 0.508586 0.50859 
0.484484 0.507664 0.507669 
0.485485 0.506742 0.506746 
0.486486 0.505819 0.505823 
0.487487 0.504894 0.504899 
0.488488 0.503969 0.503974 
0.489489 0.503044 0.503048 
0.49049 0.502117 0.502122 
0.491491 0.50119 0.501194 
0.492492 0.500262 0.500267 
0.493493 0.499334 0.499338 
0.494494 0.498404 0.498409 
0.495495 0.497474 0.497479 
0.496496 0.496544 0.496548 
0.497497 0.495612 0.495616 
0.498498 0.49468 0.494684 
0.499499 0.493747 0.493751 
0.500501 0.492814 0.492818 
0.501502 0.49188 0.491884 
0.502503 0.490945 0.490949 
0.503504 0.490009 0.490013 
0.504505 0.489073 0.489077 
0.505506 0.488136 0.48814 
0.506507 0.487199 0.487203 
0.507508 0.486261 0.486265 
0.508509 0.485322 0.485326 
0.50951 0.484383 0.484387 
0.510511 0.483443 0.483447 
0.511512 0.482502 0.482506 
0.512513 0.481561 0.481565 
0.513514 0.48062 0.480624 
0.514515 0.479677 0.479681 
0.515516 0.478734 0.478738 
0.516517 0.477791 0.477795 
0.517518 0.476847 0.476851 
0.518519 0.475902 0.475906 
0.51952 0.474957 0.474961 
0.520521 0.474011 0.474015 
0.521522 0.473065 0.473069 
0.522523 0.472118 0.472122 
0.523524 0.471171 0.471175 
0.524525 0.470223 0.470227 
0.525526 0.469274 0.469278 
0.526527 0.468325 0.468329 
0.527528 0.467376 0.46738 
0.528529 0.466426 0.46643 
0.52953 0.465475 0.465479 
0.530531 0.464524 0.464528 
0.531532 0.463573 0.463577 
0.532533 0.462621 0.462625 
0.533534 0.461669 0.461672 
0.534535 0.460716 0.460719 
0.535536 0.459762 0.459766 
0.536537 0.458808 0.458812 
0.537538 0.457854 0.457858 
0.538539 0.456899 0.456903 
0.53954 0.455944 0.455948 
0.540541 0.454988 0.454992 
0.541542 0.454032 0.454036 
0.542543 0.453075 0.453079 
0.543544 0.452118 0.452122 
0.544545 0.45116 0.451164 
0.545546 0.450203 0.450206 
0.546547 0.449244 0.449248 
0.547548 0.448285 0.448289 
0.548549 0.447326 0.44733 
0.54955 0.446366 0.44637 
0.550551 0.445406 0.44541 
0.551552 0.444446 0.44445 
0.552553 0.443485 0.443489 
0.553554 0.442524 0.442527 
0.554555 0.441562 0.441566 
0.555556 0.4406 0.440604 
0.556557 0.439638 0.439641 
0.557558 0.438675 0.438678 
0.558559 0.437712 0.437715 
0.55956 0.436748 0.436752 
0.560561 0.435784 0.435788 
0.561562 0.43482 0.434823 
0.562563 0.433855 0.433859 
0.563564 0.43289 0.432894 
0.564565 0.431925 0.431928 
0.565566 0.430959 0.430962 
0.566567 0.429993 0.429996 
0.567568 0.429026 0.42903 
0.568569 0.428059 0.428063 
0.56957 0.427092 0.427096 
0.570571 0.426125 0.426128 
0.571572 0.425157 0.425161 
0.572573 0.424189 0.424192 
0.573574 0.42322 0.423224 
0.574575 0.422252 0.422255 
0.575576 0.421283 0.421286 
0.576577 0.420313 0.420317 
0.577578 0.419343 0.419347 
0.578579 0.418373 0.418377 
0.57958 0.417403 0.417406 
0.580581 0.416432 0.416436 
0.581582 0.415461 0.415465 
0.582583 0.41449 0.414493 
0.583584 0.413518 0.413522 
0.584585 0.412547 0.41255 
0.585586 0.411574 0.411578 
0.586587 0.410602 0.410605 
0.587588 0.409629 0.409633 
0.588589 0.408656 0.40866 
0.58959 0.407683 0.407686 
0.590591 0.40671 0.406713 
0.591592 0.405736 0.405739 
0.592593 0.404762 0.404765 
0.593594 0.403787 0.403791 
0.594595 0.402813 0.402816 
0.595596 0.401838 0.401841 
0.596597 0.400863 0.400866 
0.597598 0.399887 0.399891 
0.598599 0.398912 0.398915 
0.5996 0.397936 0.397939 
0.600601 0.396959 0.396963 
0.601602 0.395983 0.395986 
0.602603 0.395006 0.39501 
0.603604 0.394029 0.394033 
0.604605 0.393052 0.393056 
0.605606 0.392075 0.392078 
0.606607 0.391097 0.391101 
0.607608 0.39012 0.390123 
0.608609 0.389141 0.389145 
0.60961 0.388163 0.388166 
0.610611 0.387185 0.387188 
0.611612 0.386206 0.386209 
0.612613 0.385227 0.38523 
0.613614 0.384248 0.384251 
0.614615 0.383268 0.383272 
0.615616 0.382289 0.382292 
0.616617 0.381309 0.381312 
0.617618 0.380329 0.380332 
0.618619 0.379349 0.379352 
0.61962 0.378368 0.378371 
0.620621 0.377388 0.377391 
0.621622 0.376407 0.37641 
0.622623 0.375426 0.375429 
0.623624 0.374444 0.374447 
0.624625 0.373463 0.373466 
0.625626 0.372481 0.372484 
0.626627 0.371499 0.371503 
0.627628 0.370517 0.37052 
0.628629 0.369535 0.369538 
0.62963 0.368553 0.368556 
0.630631 0.36757 0.367573 
0.631632 0.366587 0.36659 
0.632633 0.365604 0.365607 
0.633634 0.364621 0.364624 
0.634635 0.363638 0.363641 
0.635636 0.362655 0.362658 
0.636637 0.361671 0.361674 
0.637638 0.360687 0.36069 
0.638639 0.359703 0.359706 
0.63964 0.358719 0.358722 
0.640641 0.357735 0.357737 
0.641642 0.35675 0.356753 
0.642643 0.355765 0.355768 
0.643644 0.354781 0.354783 
0.644645 0.353796 0.353798 
0.645646 0.35281 0.352813 
0.646647 0.351825 0.351828 
0.647648 0.35084 0.350843 
0.648649 0.349854 0.349857 
0.64965 0.348868 0.348871 
0.650651 0.347882 0.347885 
0.651652 0.346896 0.346899 
0.652653 0.34591 0.345913 
0.653654 0.344924 0.344927 
0.654655 0.343937 0.34394 
0.655656 0.34295 0.342953 
0.656657 0.341964 0.341967 
0.657658 0.340977 0.34098 
0.658659 0.33999 0.339993 
0.65966 0.339002 0.339005 
0.660661 0.338015 0.338018 
0.661662 0.337028 0.33703 
0.662663 0.33604 0.336043 
0.663664 0.335052 0.335055 
0.664665 0.334064 0.334067 
0.665666 0.333076 0.333079 
0.666667 0.332088 0.332091 
0.667668 0.3311 0.331103 
0.668669 0.330112 0.330114 
0.66967 0.329123 0.329126 
0.670671 0.328134 0.328137 
0.671672 0.327146 0.327148 
0.672673 0.326157 0.326159 
0.673674 0.325168 0.32517 
0.674675 0.324179 0.324181 
0.675676 0.323189 0.323192 
0.676677 0.3222 0.322203 
0.677678 0.32121 0.321213 
0.678679 0.320221 0.320224 
0.67968 0.319231 0.319234 
0.680681 0.318241 0.318244 
0.681682 0.317251 0.317254 
0.682683 0.316261 0.316264 
0.683684 0.315271 0.315274 
0.684685 0.314281 0.314284 
0.685686 0.313291 0.313293 
0.686687 0.3123 0.312303 
0.687688 0.31131 0.311312 
0.688689 0.310319 0.310321 
0.68969 0.309328 0.309331 
0.690691 0.308337 0.30834 
0.691692 0.307346 0.307349 
0.692693 0.306355 0.306358 
0.693694 0.305364 0.305367 
0.694695 0.304373 0.304375 
0.695696 0.303381 0.303384 
0.696697 0.30239 0.302392 
0.697698 0.301398 0.301401 
0.698699 0.300407 0.300409 
0.6997 0.299415 0.299417 
0.700701 0.298423 0.298426 
0.701702 0.297431 0.297434 
0.702703 0.296439 0.296442 
0.703704 0.295447 0.29545 
0.704705 0.294455 0.294457 
0.705706 0.293463 0.293465 
0.706707 0.29247 0.292473 
0.707708 0.291478 0.29148 
0.708709 0.290485 0.290488 
0.70971 0.289493 0.289495 
0.710711 0.2885 0.288502 
0.711712 0.287507 0.287509 
0.712713 0.286514 0.286517 
0.713714 0.285521 0.285524 
0.714715 0.284528 0.284531 
0.715716 0.283535 0.283538 
0.716717 0.282542 0.282544 
0.717718 0.281549 0.281551 
0.718719 0.280555 0.280558 
0.71972 0.279562 0.279564 
0.720721 0.278568 0.278571 
0.721722 0.277575 0.277577 
0.722723 0.276581 0.276584 
0.723724 0.275588 0.27559 
0.724725 0.274594 0.274596 
0.725726 0.2736 0.273602 
0.726727 0.272606 0.272608 
0.727728 0.271612 0.271614 
0.728729 0.270618 0.27062 
0.72973 0.269624 0.269626 
0.730731 0.26863 0.268632 
0.731732 0.267635 0.267638 
0.732733 0.266641 0.266643 
0.733734 0.265647 0.265649 
0.734735 0.264652 0.264654 
0.735736 0.263658 0.26366 
0.736737 0.262663 0.262665 
0.737738 0.261668 0.261671 
0.738739 0.260674 0.260676 
0.73974 0.259679 0.259681 
0.740741 0.258684 0.258686 
0.741742 0.257689 0.257691 
0.742743 0.256694 0.256696 
0.743744 0.255699 0.255701 
0.744745 0.254704 0.254706 
0.745746 0.253709 0.253711 
0.746747 0.252714 0.252716 
0.747748 0.251718 0.251721 
0.748749 0.250723 0.250725 
0.74975 0.249728 0.24973 
0.750751 0.248732 0.248734 
0.751752 0.247737 0.247739 
0.752753 0.246741 0.246743 
0.753754 0.245746 0.245748 
0.754755 0.24475 0.244752 
0.755756 0.243754 0.243756 
0.756757 0.242759 0.242761 
0.757758 0.241763 0.241765 
0.758759 0.240767 0.240769 
0.75976 0.239771 0.239773 
0.760761 0.238775 0.238777 
0.761762 0.237779 0.237781 
0.762763 0.236783 0.236785 
0.763764 0.235787 0.235789 
0.764765 0.234791 0.234793 
0.765766 0.233795 0.233797 
0.766767 0.232798 0.2328 
0.767768 0.231802 0.231804 
0.768769 0.230806 0.230808 
0.76977 0.229809 0.229811 
0.770771 0.228813 0.228815 
0.771772 0.227816 0.227818 
0.772773 0.22682 0.226822 
0.773774 0.225823 0.225825 
0.774775 0.224827 0.224829 
0.775776 0.22383 0.223832 
0.776777 0.222833 0.222835 
0.777778 0.221837 0.221839 
0.778779 0.22084 0.220842 
0.77978 0.219843 0.219845 
0.780781 0.218846 0.218848 
0.781782 0.217849 0.217851 
0.782783 0.216852 0.216854 
0.783784 0.215855 0.215857 
0.784785 0.214858 0.21486 
0.785786 0.213861 0.213863 
0.786787 0.212864 0.212866 
0.787788 0.211867 0.211869 
0.788789 0.21087 0.210872 
0.78979 0.209873 0.209875 
0.790791 0.208876 0.208877 
0.791792 0.207878 0.20788 
0.792793 0.206881 0.206883 
0.793794 0.205884 0.205885 
0.794795 0.204886 0.204888 
0.795796 0.203889 0.20389 
0.796797 0.202891 0.202893 
0.797798 0.201894 0.201895 
0.798799 0.200896 0.200898 
0.7998 0.199899 0.1999 
0.800801 0.198901 0.198903 
0.801802 0.197903 0.197905 
0.802803 0.196906 0.196907 
0.803804 0.195908 0.19591 
0.804805 0.19491 0.194912 
0.805806 0.193913 0.193914 
0.806807 0.192915 0.192916 
0.807808 0.191917 0.191919 
0.808809 0.190919 0.190921 
0.80981 0.189921 0.189923 
0.810811 0.188923 0.188925 
0.811812 0.187925 0.187927 
0.812813 0.186927 0.186929 
0.813814 0.185929 0.185931 
0.814815 0.184931 0.184933 
0.815816 0.183933 0.183935 
0.816817 0.182935 0.182937 
0.817818 0.181937 0.181939 
0.818819 0.180939 0.18094 
0.81982 0.179941 0.179942 
0.820821 0.178943 0.178944 
0.821822 0.177944 0.177946 
0.822823 0.176946 0.176948 
0.823824 0.175948 0.175949 
0.824825 0.174949 0.174951 
0.825826 0.173951 0.173953 
0.826827 0.172953 0.172954 
0.827828 0.171954 0.171956 
0.828829 0.170956 0.170957 
0.82983 0.169957 0.169959 
0.830831 0.168959 0.16896 
0.831832 0.167961 0.167962 
0.832833 0.166962 0.166963 
0.833834 0.165963 0.165965 
0.834835 0.164965 0.164966 
0.835836 0.163966 0.163968 
0.836837 0.162968 0.162969 
0.837838 0.161969 0.16197 
0.838839 0.16097 0.160972 
0.83984 0.159972 0.159973 
0.840841 0.158973 0.158974 
0.841842 0.157974 0.157976 
0.842843 0.156976 0.156977 
0.843844 0.155977 0.155978 
0.844845 0.154978 0.154979 
0.845846 0.153979 0.15398 
0.846847 0.15298 0.152982 
0.847848 0.151981 0.151983 
0.848849 0.150983 0.150984 
0.84985 0.149984 0.149985 
0.850851 0.148985 0.148986 
0.851852 0.147986 0.147987 
0.852853 0.146987 0.146988 
0.853854 0.145988 0.145989 
0.854855 0.144989 0.14499 
0.855856 0.14399 0.143991 
0.856857 0.142991 0.142992 
0.857858 0.141992 0.141993 
0.858859 0.140993 0.140994 
0.85986 0.139994 0.139995 
0.860861 0.138995 0.138996 
0.861862 0.137995 0.137997 
0.862863 0.136996 0.136997 
0.863864 0.135997 0.135998 
0.864865 0.134998 0.134999 
0.865866 0.133999 0.134 
0.866867 0.132999 0.133001 
0.867868 0.132 0.132001 
0.868869 0.131001 0.131002 
0.86987 0.130002 0.130003 
0.870871 0.129002 0.129004 
0.871872 0.128003 0.128004 
0.872873 0.127004 0.127005 
0.873874 0.126004 0.126006 
0.874875 0.125005 0.125006 
0.875876 0.124006 0.124007 
0.876877 0.123006 0.123007 
0.877878 0.122007 0.122008 
0.878879 0.121008 0.121009 
0.87988 0.120008 0.120009 
0.880881 0.119009 0.11901 
0.881882 0.118009 0.11801 
0.882883 0.11701 0.117011 
0.883884 0.11601 0.116011 
0.884885 0.115011 0.115012 
0.885886 0.114011 0.114012 
0.886887 0.113012 0.113013 
0.887888 0.112012 0.112013 
0.888889 0.111013 0.111014 
0.88989 0.110013 0.110014 
0.890891 0.109013 0.109014 
0.891892 0.108014 0.108015 
0.892893 0.107014 0.107015 
0.893894 0.106015 0.106016 
0.894895 0.105015 0.105016 
0.895896 0.104015 0.104016 
0.896897 0.103016 0.103017 
0.897898 0.102016 0.102017 
0.898899 0.101016 0.101017 
0.8999 0.100017 0.100017 
0.900901 0.0990169 0.0990177 
0.901902 0.0980171 0.098018 
0.902903 0.0970174 0.0970182 
0.903904 0.0960176 0.0960184 
0.904905 0.0950179 0.0950187 
0.905906 0.0940181 0.0940189 
0.906907 0.0930183 0.0930191 
0.907908 0.0920185 0.0920193 
0.908909 0.0910187 0.0910195 
0.90991 0.0900189 0.0900196 
0.910911 0.089019 0.0890198 
0.911912 0.0880192 0.0880199 
0.912913 0.0870193 0.0870201 
0.913914 0.0860195 0.0860202 
0.914915 0.0850196 0.0850203 
0.915916 0.0840197 0.0840204 
0.916917 0.0830198 0.0830205 
0.917918 0.0820199 0.0820206 
0.918919 0.08102 0.0810207 
0.91992 0.0800201 0.0800207 
0.920921 0.0790201 0.0790208 
0.921922 0.0780202 0.0780208 
0.922923 0.0770202 0.0770208 
0.923924 0.0760202 0.0760209 
0.924925 0.0750203 0.0750209 
0.925926 0.0740203 0.0740209 
0.926927 0.0730203 0.0730209 
0.927928 0.0720203 0.0720209 
0.928929 0.0710202 0.0710208 
0.92993 0.0700202 0.0700208 
0.930931 0.0690202 0.0690208 
0.931932 0.0680201 0.0680207 
0.932933 0.0670201 0.0670206 
0.933934 0.06602 0.0660206 
0.934935 0.0650199 0.0650205 
0.935936 0.0640199 0.0640204 
0.936937 0.0630198 0.0630203 
0.937938 0.0620197 0.0620202 
0.938939 0.0610196 0.0610201 
0.93994 0.0600195 0.06002 
0.940941 0.0590193 0.0590198 
0.941942 0.0580192 0.0580197 
0.942943 0.0570191 0.0570195 
0.943944 0.0560189 0.0560194 
0.944945 0.0550188 0.0550192 
0.945946 0.0540186 0.0540191 
0.946947 0.0530184 0.0530189 
0.947948 0.0520183 0.0520187 
0.948949 0.0510181 0.0510185 
0.94995 0.0500179 0.0500183 
0.950951 0.0490177 0.0490181 
0.951952 0.0480175 0.0480179 
0.952953 0.0470172 0.0470176 
0.953954 0.046017 0.0460174 
0.954955 0.0450168 0.0450172 
0.955956 0.0440166 0.0440169 
0.956957 0.0430163 0.0430167 
0.957958 0.0420161 0.0420164 
0.958959 0.0410158 0.0410161 
0.95996 0.0400155 0.0400159 
0.960961 0.0390153 0.0390156 
0.961962 0.038015 0.0380153 
0.962963 0.0370147 0.037015 
0.963964 0.0360144 0.0360147 
0.964965 0.0350141 0.0350144 
0.965966 0.0340138 0.0340141 
0.966967 0.0330135 0.0330138 
0.967968 0.0320132 0.0320134 
0.968969 0.0310128 0.0310131 
0.96997 0.0300125 0.0300128 
0.970971 0.0290122 0.0290124 
0.971972 0.0280118 0.0280121 
0.972973 0.0270115 0.0270117 
0.973974 0.0260111 0.0260113 
0.974975 0.0250108 0.025011 
0.975976 0.0240104 0.0240106 
0.976977 0.02301 0.0230102 
0.977978 0.0220097 0.0220098 
0.978979 0.0210093 0.0210094 
0.97998 0.0200089 0.020009 
0.980981 0.0190085 0.0190086 
0.981982 0.0180081 0.0180082 
0.982983 0.0170077 0.0170078 
0.983984 0.0160073 0.0160074 
0.984985 0.0150069 0.015007 
0.985986 0.0140064 0.0140065 
0.986987 0.013006 0.0130061 
0.987988 0.0120056 0.0120057 
0.988989 0.0110051 0.0110052 
0.98999 0.0100047 0.0100048 
0.990991 0.00900424 0.00900432 
0.991992 0.00800379 0.00800386 
0.992993 0.00700334 0.00700339 
0.993994 0.00600287 0.00600292 
0.994995 0.00500241 0.00500245 
0.995996 0.00400193 0.00400197 
0.996997 0.00300146 0.00300148 
0.997998 0.00200098 0.00200099 
0.998999 0.00100049 0.0010005 
1 0 5.88857e-18 
